,horizon,signed_close_return_pct,signed_close_return_atr,mfe_pct,mfe_atr,mae_pct,mae_atr,efficiency_ratio,signed_efficiency,total_path_pct,total_path_atr,net_to_path_ratio,return_sign_changes,swing_direction_changes,number_of_local_pivots,high_low_range_pct,high_low_range_atr,range_expansion_vs_pre_event,range_expansion_vs_pre10,range_expansion_vs_pre60,realized_volatility,realized_volatility_ratio,realized_volatility_ratio_pre10,realized_volatility_ratio_pre60,rolling_range_contraction,atr_decay,realized_volatility_decay,inside_bar_fraction,overlap_ratio,body_range_ratio,mean_body_to_range,median_body_to_range,upper_wick_fraction,lower_wick_fraction,directional_body_fraction,large_body_fraction,doji_fraction,outside_bar_fraction,fraction_bars_in_event_direction,longest_same_direction_run,close_above_or_below_event_price_fraction,time_to_mfe,time_to_mae,time_to_new_extreme,initial_move_in_expected_direction,initial_move_against_expected_direction,bars_until_first_favorable_break,bars_until_first_adverse_break,mfe_before_mae,mae_before_mfe,delayed_mfe_after_30,delayed_mae_after_30,delayed_major_move_flag
horizon,1.0,0.05493163730364562,0.04758758859052347,0.35970496333329416,0.28598567610502107,-0.21930404641801424,-0.16890370822843148,-0.38315546775864584,-0.08387228047415433,0.906409647172019,0.8259736609602496,-0.08387228047415433,0.9681036551077903,0.9697327838820292,0.9697327838820292,0.6247132855330099,0.4066493657123186,0.40087480583122975,0.40772676849119754,0.41185771082412737,-0.10172678969085117,-0.07133723436920528,-0.05768427596740977,-0.06835256230043045,-0.1971214097570648,-0.1971214097570648,-0.14869621437256778,-0.06189309746073861,0.062375686655062386,-0.14468089129068437,-0.14468089129068437,-0.0877072662124249,0.09249579467159381,0.062184589331661926,-0.16215289091594304,-0.1301604568112612,0.10369295723863543,-0.031864073025006885,-0.16215289091594304,0.38048530841383427,0.050778645163260056,0.5712633849356247,0.523185139233716,0.5712633849356247,-1.6494742080145188e-16,1.7552097341692958e-16,4.473216042163333e-18,-3.7798675556280167e-17,0.054432109846721304,-0.04224693683092453,0.5628151536294748,-0.3591489448786428,
signed_close_return_pct,0.05493163730364562,1.0,0.9567831304553769,0.8284425640298503,0.7661572232607121,0.7117408419971383,0.6151637963556366,0.3349429282508714,0.8100666534511951,0.09976039584594505,0.08421263260154725,0.8100666534511951,0.08672999993823906,0.09680311408121124,0.09680311408121124,0.1650677698407075,0.08316499639664911,-0.05006282940008482,0.1987345518381291,-0.1055944523618804,0.05703383893034537,-0.23723372010676064,0.013495727350962506,-0.10199401035413118,0.16902074477572754,0.16902074477572754,0.10577757874523191,0.13327445280920594,0.03284970625618588,0.08263472043128718,0.08263472043128718,0.07102583007200905,-0.25592935464101674,0.2073350303773244,0.44599608241233896,0.19138024868898618,-0.05828066990931514,-0.1558663517508464,0.44599608241233896,0.11272003773102879,0.765671140174258,0.519984857805527,-0.4215910793468606,0.519984857805527,0.31048867407177144,-0.3104886740717714,-0.04779013782495806,0.24436251369979017,-0.6563893423500208,0.6434544493194477,0.45888266908472963,0.5393678729126548,
signed_close_return_atr,0.04758758859052347,0.9567831304553769,1.0,0.8191939466482804,0.8490749476999725,0.7124596593240046,0.6417463609666223,0.31618705632036964,0.7641617691505739,0.08922477695833839,0.1298323371217185,0.7641617691505739,0.06387964198125763,0.07528348827307246,0.07528348827307246,0.1541552442887046,0.12985912850846248,-0.04087227107379126,0.2977159763891986,-0.11322837598587022,0.02741739577200035,-0.22869844923930555,0.11572671342470342,-0.10268707484575076,0.21931533583059637,0.21931533583059637,0.1314782910295863,0.14961499502471126,0.04612087143533058,0.16438152357768762,0.16438152357768762,0.1643436034993488,-0.32042930360273053,0.18683368441127274,0.33117443087676673,0.29025259508988754,-0.03346647336004542,-0.17136461534055036,0.33117443087676673,0.04459825336347456,0.7175410242999231,0.48809175411516126,-0.3855567125844426,0.48809175411516126,0.29181837010514616,-0.2918183701051461,-0.03928276742643831,0.3184914888791291,-0.6226182107093696,0.6159152924140802,0.4497767664135213,0.5330561259527704,
mfe_pct,0.35970496333329416,0.8284425640298503,0.8191939466482804,1.0,0.8993875481927599,0.5663533673856964,0.5028419200844035,0.19901556544538926,0.6177793449615767,0.450153562444316,0.40017932889866487,0.6177793449615767,0.3412575555751196,0.3546690554866434,0.3546690554866434,0.5057182336045569,0.3043093493421799,0.1729900864541608,0.4585206545511662,0.12995669794868892,0.14564623063323848,-0.20595925791434166,0.0679593602602574,-0.09949534187162015,0.19258481829085825,0.19258481829085825,0.14253640448628374,0.08303877677263709,0.018442347759566203,0.06294720611746629,0.06294720611746629,0.04757524032350296,-0.2087321015008497,0.17441179771323304,0.2585233772707159,0.09413082297242291,-0.07136798198961053,-0.16368937705361233,0.2585233772707159,0.27757319956409227,0.7461635371259631,0.6581197682601174,-0.2177316026611291,0.6581197682601174,0.30311412999913223,-0.30311412999913206,-0.09011331480404584,0.22281776189890534,-0.5811526343339541,0.5738880257465363,0.5675877455516163,0.35870174052240666,
mfe_atr,0.28598567610502107,0.7661572232607121,0.8490749476999725,0.8993875481927599,1.0,0.5102051868938696,0.3905488997688849,0.2556943405976728,0.5562390082931592,0.3243034892474695,0.4896609158400293,0.5562390082931592,0.2751822054435711,0.2884524132530876,0.2884524132530876,0.45396366468373,0.4972026219661581,0.2900440833555692,0.6592585395485094,0.21720109549660876,0.055780142221142394,-0.06693354069142052,0.32586106510654866,0.031148107327617774,0.2672968816263776,0.2672968816263776,0.17782595335635784,0.0677996148126716,-0.031071651305213673,0.17858321863304719,0.17858321863304719,0.20872241101044448,-0.3138931208211746,0.1620579472993007,0.1068349382721475,0.24614128445663433,-0.031309247319462045,-0.1860496358190792,0.1068349382721475,0.04854281988736489,0.6338332935482061,0.5156979928540951,-0.18207282919565354,0.5156979928540951,0.3233214332810885,-0.32332143328108837,-0.07103364224814986,0.33198816740022435,-0.46875573011209837,0.46902597468132046,0.49457391856993727,0.36529918845635045,
mae_pct,-0.21930404641801424,0.7117408419971383,0.7124596593240046,0.5663533673856964,0.5102051868938696,1.0,0.9133919532163433,0.2900378263362483,0.6627123508230518,-0.2765951895451406,-0.3360580554273418,0.6627123508230518,-0.21108703060287917,-0.20350079006129512,-0.20350079006129512,-0.42458872220736643,-0.41938288475199925,-0.557273495224041,-0.20434736648606575,-0.6293742997603108,-0.2995657383068663,-0.6104005853221701,-0.3023410504651794,-0.5381881923483693,0.17683510899008703,0.17683510899008703,0.10278415590652855,0.17749937444461272,0.31072790304315434,0.018963984172510835,0.018963984172510835,0.03343728199772582,-0.04165844733075756,0.027164419081595118,0.25052533343734795,0.24976300338578275,0.11684285349978647,-0.17765415906640425,0.25052533343734795,0.038776614940116666,0.8145161095668393,0.24199041183379566,-0.36793804426915144,0.24199041183379566,0.41204015682715917,-0.41204015682715883,0.054321097180077896,0.14296285172531578,-0.5098526098986419,0.49581212695554155,0.24327980292925905,0.513527999900534,
mae_atr,-0.16890370822843148,0.6151637963556366,0.6417463609666223,0.5028419200844035,0.3905488997688849,0.9133919532163433,1.0,0.15424152247660342,0.5650740750178816,-0.16591681143297743,-0.3891522528657566,0.5650740750178816,-0.1901561701685792,-0.1826405947220185,-0.1826405947220185,-0.40370175705512273,-0.6045468870018127,-0.7145045555840379,-0.3123491698603021,-0.7685878351762478,-0.220946713917931,-0.7553249513519407,-0.4599260660149417,-0.697678278067706,0.12319405584598386,0.12319405584598386,0.0445539828773065,0.21727525973327122,0.3951336788775369,-0.00892987615301198,-0.00892987615301198,-0.04936179596855958,0.0024082886016279256,0.007784787290444536,0.22779187755297495,0.19359132329910145,0.09793351178084038,-0.15169119079177806,0.22779187755297495,0.18108273181744647,0.681135814410492,0.3035915297002513,-0.2806527285599549,0.3035915297002513,0.2649218199447891,-0.26492181994478886,0.04304423949469096,0.09761961455876077,-0.5240401088736305,0.5131850969823696,0.2324908598817914,0.4176188965920622,
efficiency_ratio,-0.38315546775864584,0.3349429282508714,0.31618705632036964,0.19901556544538926,0.2556943405976728,0.2900378263362483,0.15424152247660342,1.0,0.48130335988075806,-0.34869401211449014,-0.20090938872905972,0.48130335988075806,-0.3629827106058312,-0.3521920058139196,-0.3521920058139196,-0.08497023807983023,0.0758792310635316,0.028273246062658897,0.03743598218036324,-0.022986013413034148,-0.021388486056282168,0.030833694667221783,0.11472249630032365,0.08193896076336653,0.27246670706441717,0.27246670706441717,0.1454222712952064,-0.07222232743468113,-0.25310003673658044,0.1739741101453717,0.1739741101453717,0.15594930630601617,-0.26438049888381154,0.10835890164899845,0.207419481828367,0.10280332965217759,-0.19038053497025578,-0.14302135618224227,0.207419481828367,-0.27709271507895245,0.2799535467499531,-0.1725048106234191,-0.2963415028685537,-0.1725048106234191,0.26857703991275833,-0.26857703991275833,-0.07306371835296635,0.18209972102426303,-0.16897997160608275,0.14854367690479353,-0.12470788236814673,0.18089452525943728,
signed_efficiency,-0.08387228047415433,0.8100666534511951,0.7641617691505739,0.6177793449615767,0.5562390082931592,0.6627123508230518,0.5650740750178816,0.48130335988075806,1.0,-0.07390176391716702,-0.07897769974335915,1.0,-0.06593916105225828,-0.05977931278272566,-0.05977931278272566,-0.015036007949797557,-0.05126612097023455,-0.14082627735159814,0.04948224958326941,-0.20047949891089017,-0.10544847513022022,-0.3188377948113618,-0.10104300035344227,-0.21005550706772902,0.1970321092284145,0.1970321092284145,0.12250465790802105,0.10325617832946345,0.05338499904374636,0.04410562630112992,0.04410562630112992,0.05708765878160582,-0.16107792451969424,0.1399319593849239,0.581540985739139,0.17049388733198098,-0.020513269340191178,-0.10517903717922666,0.581540985739139,0.09556784667917359,0.7723929384744161,0.3254531558696179,-0.3523200288098677,0.3254531558696179,0.3813110064675895,-0.3813110064675894,-0.07663778481694294,0.1998446091600163,-0.6741208939907137,0.6535200858327946,0.14252025005704833,0.26147075526334623,
total_path_pct,0.906409647172019,0.09976039584594505,0.08922477695833839,0.450153562444316,0.3243034892474695,-0.2765951895451406,-0.16591681143297743,-0.34869401211449014,-0.07390176391716702,1.0,0.8277389078073555,-0.07390176391716705,0.8619140328474968,0.8669602628062996,0.8669602628062996,0.7840458413866519,0.4369902406587611,0.4500940320284688,0.4662629739669378,0.4667892215134429,0.22304104576436934,0.033982415207992306,0.053754451657137596,0.04534861727450618,-0.16912519347003563,-0.16912519347003563,-0.09875573418715257,-0.09567493240636396,-0.04078349117316541,-0.011586447354700947,-0.011586447354700947,-0.06931003745779132,-0.033673994643974754,0.05410183480662055,-0.11791813394205514,-0.1073161276515018,-0.08584995562045933,-0.03685922749112218,-0.11791813394205514,0.39120730935839054,0.026351636836358366,0.629633530328432,0.36865887603565456,0.629633530328432,-0.13333453475661033,0.13333453475661022,-0.07141478237495517,0.027771944551056776,-0.058550029577527835,0.0668284240326134,0.578031694991816,-0.2904025248778162,
total_path_atr,0.8259736609602496,0.08421263260154725,0.1298323371217185,0.40017932889866487,0.4896609158400293,-0.3360580554273418,-0.3891522528657566,-0.20090938872905972,-0.07897769974335915,0.8277389078073555,1.0,-0.07897769974335916,0.802348070062624,0.8063592666784275,0.8063592666784275,0.7913897201360645,0.7904681368101916,0.723972521175406,0.760894214295429,0.707415207764194,0.12596302475721813,0.2776608842450389,0.3844992460308088,0.28842872337825853,-0.08820471302965241,-0.08820471302965241,-0.05919668425850975,-0.12331770896118942,-0.16757036790824315,0.08389110084881161,0.08389110084881161,0.11275706585761586,-0.12467487014454891,0.048890449850231825,-0.21265512529868358,0.004602210273855137,-0.038068176997441056,-0.03784589317583402,-0.21265512529868358,0.1154692465792548,-0.0327609788647261,0.4467074767820112,0.35278385639276527,0.4467074767820112,-0.024902184389887224,0.02490218438988711,-0.05947362809997551,0.1424451333172057,0.058006548003216925,-0.04688779043556365,0.48673664917946885,-0.2520047217905781,
net_to_path_ratio,-0.08387228047415433,0.8100666534511951,0.7641617691505739,0.6177793449615767,0.5562390082931592,0.6627123508230518,0.5650740750178816,0.48130335988075806,1.0,-0.07390176391716705,-0.07897769974335916,1.0,-0.06593916105225828,-0.05977931278272566,-0.05977931278272566,-0.015036007949797557,-0.05126612097023455,-0.14082627735159814,0.04948224958326941,-0.20047949891089017,-0.10544847513022022,-0.3188377948113618,-0.10104300035344227,-0.21005550706772902,0.1970321092284145,0.1970321092284145,0.12250465790802105,0.10325617832946345,0.05338499904374636,0.04410562630112992,0.04410562630112992,0.05708765878160582,-0.16107792451969424,0.1399319593849239,0.581540985739139,0.17049388733198098,-0.020513269340191178,-0.10517903717922666,0.581540985739139,0.09556784667917359,0.7723929384744161,0.3254531558696179,-0.3523200288098677,0.3254531558696179,0.3813110064675895,-0.3813110064675894,-0.07663778481694294,0.1998446091600163,-0.6741208939907137,0.6535200858327946,0.14252025005704833,0.26147075526334623,
return_sign_changes,0.9681036551077903,0.08672999993823906,0.06387964198125763,0.3412575555751196,0.2751822054435711,-0.21108703060287917,-0.1901561701685792,-0.3629827106058312,-0.06593916105225828,0.8619140328474968,0.802348070062624,-0.06593916105225828,1.0,0.9982849784994108,0.9982849784994108,0.5958466005870527,0.4173313587127978,0.39506592699437737,0.36430760121554934,0.41240281896911,-0.08960597780238574,-0.026386338385626915,-0.004763278733123756,-0.010840924666786362,-0.21046377799298957,-0.21046377799298957,-0.156738860848483,-0.02250548122013559,0.060455351111217165,-0.1278398587444784,-0.1278398587444784,-0.06950667579373604,0.09980994245662267,0.03332661210356837,-0.18434216410491128,-0.12324091846865355,0.028981994152541442,0.04484639367759934,-0.18434216410491128,0.2427453147874114,0.07416871257273752,0.5193577788603568,0.47883353099897735,0.5193577788603568,0.055501888109082624,-0.05550188810908263,-0.008324992916032158,0.007616482880625065,0.04801165240449902,-0.03683998461745081,0.5511694428289768,-0.32724657082668923,
swing_direction_changes,0.9697327838820292,0.09680311408121124,0.07528348827307246,0.3546690554866434,0.2884524132530876,-0.20350079006129512,-0.1826405947220185,-0.3521920058139196,-0.05977931278272566,0.8669602628062996,0.8063592666784275,-0.05977931278272566,0.9982849784994108,1.0,1.0,0.6026388881076086,0.42173060890229414,0.39518752279505154,0.37492901891352737,0.4120558496737678,-0.09186100266016889,-0.033953530212812555,-0.005674979015833319,-0.015017444445131155,-0.2001436420166594,-0.2001436420166594,-0.147859669471792,-0.03178108572679013,0.050726228722280296,-0.11905482870016998,-0.11905482870016998,-0.05994698682191209,0.08947017157460006,0.035198671132693746,-0.18565377566613822,-0.11399192286908018,0.034081368236093916,0.03142306287369653,-0.18565377566613822,0.24778892103206285,0.08017699593629185,0.5264105947078186,0.4748485332665469,0.5264105947078186,0.057230131507791826,-0.05723013150779184,-0.0026901789951849922,0.001345089497592463,0.04401601188968317,-0.03223730334180247,0.5599287098367176,-0.3203335614319342,
number_of_local_pivots,0.9697327838820292,0.09680311408121124,0.07528348827307246,0.3546690554866434,0.2884524132530876,-0.20350079006129512,-0.1826405947220185,-0.3521920058139196,-0.05977931278272566,0.8669602628062996,0.8063592666784275,-0.05977931278272566,0.9982849784994108,1.0,1.0,0.6026388881076086,0.42173060890229414,0.39518752279505154,0.37492901891352737,0.4120558496737678,-0.09186100266016889,-0.033953530212812555,-0.005674979015833319,-0.015017444445131155,-0.2001436420166594,-0.2001436420166594,-0.147859669471792,-0.03178108572679013,0.050726228722280296,-0.11905482870016998,-0.11905482870016998,-0.05994698682191209,0.08947017157460006,0.035198671132693746,-0.18565377566613822,-0.11399192286908018,0.034081368236093916,0.03142306287369653,-0.18565377566613822,0.24778892103206285,0.08017699593629185,0.5264105947078186,0.4748485332665469,0.5264105947078186,0.057230131507791826,-0.05723013150779184,-0.0026901789951849922,0.001345089497592463,0.04401601188968317,-0.03223730334180247,0.5599287098367176,-0.3203335614319342,
high_low_range_pct,0.6247132855330099,0.1650677698407075,0.1541552442887046,0.5057182336045569,0.45396366468373,-0.42458872220736643,-0.40370175705512273,-0.08497023807983023,-0.015036007949797557,0.7840458413866519,0.7913897201360645,-0.015036007949797557,0.5958466005870527,0.6026388881076086,0.6026388881076086,1.0,0.7732923835861004,0.7733692929941693,0.7176115501263491,0.8015669223022426,0.4735729582089569,0.4126845032142504,0.3911348821797129,0.45405187370379846,0.026461094199791854,0.026461094199791854,0.04899367895217567,-0.09457638005257482,-0.3049970186121635,0.04930014950345502,0.04930014950345502,0.01726318778296188,-0.18569699484406824,0.16316605697910908,0.02176227408274899,-0.15803370934162325,-0.2007077129485569,0.0061394310355680735,0.02176227408274899,0.26433918113562505,-0.032900947786435174,0.46967414593354406,0.14595235262721423,0.46967414593354406,-0.09831934725989215,0.09831934725989208,-0.15585530887093277,0.09512964587790838,-0.1047347601383755,0.11145118930768526,0.3688702266905331,-0.14348661405318391,
high_low_range_atr,0.4066493657123186,0.08316499639664911,0.12985912850846248,0.3043093493421799,0.4972026219661581,-0.41938288475199925,-0.6045468870018127,0.0758792310635316,-0.05126612097023455,0.4369902406587611,0.7904681368101916,-0.05126612097023455,0.4173313587127978,0.42173060890229414,0.42173060890229414,0.7732923835861004,1.0,0.9243814135473444,0.8648333636702865,0.912323837488934,0.2565047964476461,0.653965223863333,0.7154371651244994,0.6845030893801273,0.11518053789746982,0.11518053789746982,0.11187938696176473,-0.14611231389083876,-0.3992933313193559,0.16294234944627872,0.16294234944627872,0.22712791706507915,-0.273878012517249,0.1328899037902012,-0.12224723073042196,0.03052649932309614,-0.11939236352369968,-0.018020088199128655,-0.12224723073042196,-0.12866410774863632,-0.09351103891471081,0.16009743914250635,0.10696525157986744,0.16009743914250635,0.03008173758998167,-0.030081737589981852,-0.10203315261748382,0.1952607053781983,0.08829055387812496,-0.07782603357029107,0.20883029253951851,-0.07751000727361117,
range_expansion_vs_pre_event,0.40087480583122975,-0.05006282940008482,-0.04087227107379126,0.1729900864541608,0.2900440833555692,-0.557273495224041,-0.7145045555840379,0.028273246062658897,-0.14082627735159814,0.4500940320284688,0.723972521175406,-0.14082627735159814,0.39506592699437737,0.39518752279505154,0.39518752279505154,0.7733692929941693,0.9243814135473444,1.0,0.7208448170394051,0.9601759134790411,0.30308491157278983,0.742778026260954,0.6267175685898325,0.7354481156793917,0.03915896863862996,0.03915896863862996,0.08527152891538722,-0.2329700596788335,-0.4362011889011918,0.06975475617446339,0.06975475617446339,0.11241467594652065,-0.17713586379801538,0.12850154854157206,-0.04017748098318324,-0.08702706630900937,-0.1341847256554309,0.016408649313532458,-0.04017748098318324,-0.03814745099551049,-0.20963893520030735,0.1016538995897358,0.11234619575443505,0.1016538995897358,-0.09366268630530955,0.09366268630530933,-0.13680006240854997,0.10472120989620508,0.1661012360065286,-0.15447491338741265,0.13663406754499044,-0.1784646831886639,
range_expansion_vs_pre10,0.40772676849119754,0.1987345518381291,0.2977159763891986,0.4585206545511662,0.6592585395485094,-0.20434736648606575,-0.3123491698603021,0.03743598218036324,0.04948224958326941,0.4662629739669378,0.760894214295429,0.04948224958326941,0.36430760121554934,0.37492901891352737,0.37492901891352737,0.7176115501263491,0.8648333636702865,0.7208448170394051,1.0,0.6962472938246602,0.18839953740275417,0.35142159126337175,0.6301532695486919,0.3941735688403258,0.19654837450312163,0.19654837450312163,0.15123766015642393,-0.09381447271167268,-0.20605875644758584,0.14404962978855634,0.14404962978855634,0.1560409374258648,-0.27970237257624464,0.16241671745215056,-0.1277027729559055,0.10741515989717222,-0.02382004759705304,-0.05503252759886285,-0.1277027729559055,-0.004224771349331167,0.04256456311728247,0.3129200708055395,0.09345182264498912,0.3129200708055395,0.06183582745706527,-0.06183582745706536,-0.07732079242038196,0.31648581462909187,-0.07071139911489605,0.08513606471999188,0.2840118388661991,0.005307082644477012,
range_expansion_vs_pre60,0.41185771082412737,-0.1055944523618804,-0.11322837598587022,0.12995669794868892,0.21720109549660876,-0.6293742997603108,-0.7685878351762478,-0.022986013413034148,-0.20047949891089017,0.4667892215134429,0.707415207764194,-0.20047949891089017,0.41240281896911,0.4120558496737678,0.4120558496737678,0.8015669223022426,0.912323837488934,0.9601759134790411,0.6962472938246602,1.0,0.32921177943982094,0.7371238441243024,0.5907693384305587,0.7473025559171786,0.017783734630964457,0.017783734630964457,0.0615313729981713,-0.17380839505389278,-0.43023177599972107,0.06730662271682956,0.06730662271682956,0.11831218612791584,-0.18347932288484847,0.13901024042841353,-0.05818655057818174,-0.14361640302957082,-0.12493472147136626,0.06588376696806143,-0.05818655057818174,-0.014956348870035,-0.2683256125022037,0.10922044421722969,0.10719484222330047,0.10922044421722969,-0.10365728660498816,0.10365728660498802,-0.1281085762367423,0.10800016798452108,0.15466943637226474,-0.1448799838777978,0.12330148090775071,-0.1871658457151677,
realized_volatility,-0.10172678969085117,0.05703383893034537,0.02741739577200035,0.14564623063323848,0.055780142221142394,-0.2995657383068663,-0.220946713917931,-0.021388486056282168,-0.10544847513022022,0.22304104576436934,0.12596302475721813,-0.10544847513022022,-0.08960597780238574,-0.09186100266016889,-0.09186100266016889,0.4735729582089569,0.2565047964476461,0.30308491157278983,0.18839953740275417,0.32921177943982094,1.0,0.5364812742914231,0.44212459432766027,0.5501713833051018,-0.0962756182903009,-0.0962756182903009,-0.03411723811402712,0.005475488279835347,-0.4092892545706811,0.2951006475355996,0.2951006475355996,0.04421145382271842,-0.27190476632476207,-0.027298588857402703,0.14557863426256465,0.013784114244727367,-0.45870152625726673,-0.037821585246699964,0.14557863426256465,-0.006204001124741823,-0.19335164252229464,0.0189902734371707,-0.23125353931512277,0.0189902734371707,-0.2877301682473424,0.2877301682473424,-0.17722760364220688,0.030363560239029988,-0.06377550939218099,0.03299241836317912,0.0328266947065268,0.09968875979168175,
realized_volatility_ratio,-0.07133723436920528,-0.23723372010676064,-0.22869844923930555,-0.20595925791434166,-0.06693354069142052,-0.6104005853221701,-0.7553249513519407,0.030833694667221783,-0.3188377948113618,0.033982415207992306,0.2776608842450389,-0.3188377948113618,-0.026386338385626915,-0.033953530212812555,-0.033953530212812555,0.4126845032142504,0.653965223863333,0.742778026260954,0.35142159126337175,0.7371238441243024,0.5364812742914231,1.0,0.7674854621061168,0.9668938265922637,-0.04320032235935482,-0.04320032235935482,0.036229134634671374,-0.19294269984866455,-0.5397189571297347,0.22292295803748427,0.22292295803748427,0.2193987683125122,-0.2311526539450404,0.010170778361465174,-0.05601203582727559,0.05524957012438714,-0.2399721512601757,0.05253114924097197,-0.05601203582727559,-0.3005789670918492,-0.4061217621551175,-0.2620744747664329,-0.08234672644984883,-0.2620744747664329,-0.18973909318764667,0.1897390931876464,-0.12934061558727128,0.041348842743849035,0.3167743714215417,-0.3151036121905898,-0.11068848214597764,-0.04202632209596171,
realized_volatility_ratio_pre10,-0.05768427596740977,0.013495727350962506,0.11572671342470342,0.0679593602602574,0.32586106510654866,-0.3023410504651794,-0.4599260660149417,0.11472249630032365,-0.10104300035344227,0.053754451657137596,0.3844992460308088,-0.10104300035344227,-0.004763278733123756,-0.005674979015833319,-0.005674979015833319,0.3911348821797129,0.7154371651244994,0.6267175685898325,0.6301532695486919,0.5907693384305587,0.44212459432766027,0.7674854621061168,1.0,0.7777803827159256,0.14071530734570342,0.14071530734570342,0.123278636114873,-0.18665188792397114,-0.4062378585633584,0.37578959184036154,0.37578959184036154,0.35174070158729526,-0.38168891012754963,0.007610810697214364,-0.2126404772703494,0.28618603698997797,-0.28535610432584935,0.055184648891798485,-0.2126404772703494,-0.45960554501161943,-0.14920850714741524,-0.1359469623964898,-0.10395707968873161,-0.1359469623964898,-0.03937227469462323,0.03937227469462307,-0.03377069036102744,0.260648010582252,0.1426932389851965,-0.1329464354590029,-0.0030880807037806106,0.07894302060873115,
realized_volatility_ratio_pre60,-0.06835256230043045,-0.10199401035413118,-0.10268707484575076,-0.09949534187162015,0.031148107327617774,-0.5381881923483693,-0.697678278067706,0.08193896076336653,-0.21005550706772902,0.04534861727450618,0.28842872337825853,-0.21005550706772902,-0.010840924666786362,-0.015017444445131155,-0.015017444445131155,0.45405187370379846,0.6845030893801273,0.7354481156793917,0.3941735688403258,0.7473025559171786,0.5501713833051018,0.9668938265922637,0.7777803827159256,1.0,0.011605870379155425,0.011605870379155425,0.07688563522869546,-0.15697923464359262,-0.5795057500144538,0.27808122914689465,0.27808122914689465,0.2660382722387825,-0.3235526193655127,0.05478330664494507,-0.021588041764530736,0.08994274777372903,-0.27201919878873543,0.04201883935366881,-0.021588041764530736,-0.3240755845735698,-0.3095115795599554,-0.19055421397983668,-0.14275538484972128,-0.19055421397983668,-0.12995644344455065,0.12995644344455046,-0.10674605096349075,0.09809876155446416,0.2205805897072429,-0.22462368096790913,-0.04977641467428316,0.029802481742061362,
rolling_range_contraction,-0.1971214097570648,0.16902074477572754,0.21931533583059637,0.19258481829085825,0.2672968816263776,0.17683510899008703,0.12319405584598386,0.27246670706441717,0.1970321092284145,-0.16912519347003563,-0.08820471302965241,0.1970321092284145,-0.21046377799298957,-0.2001436420166594,-0.2001436420166594,0.026461094199791854,0.11518053789746982,0.03915896863862996,0.19654837450312163,0.017783734630964457,-0.0962756182903009,-0.04320032235935482,0.14071530734570342,0.011605870379155425,1.0,1.0,0.7171579306938917,-0.05591522788944178,-0.1135253924192822,0.16681475027708612,0.16681475027708612,0.19954974157806538,-0.19152838833687297,0.02979788381702267,-0.03886823577966883,0.14412057174226595,-0.07143197071978136,-0.012320831182486378,-0.03886823577966883,-0.1383409716792494,0.19055371104190647,0.07807100884179273,-0.0001061311896921038,0.07807100884179273,0.09362114691584207,-0.09362114691584207,0.1177164241445999,0.11232147101033116,-0.16746024031112383,0.18230865579461214,-0.18949905880872883,-0.013600095808921358,
atr_decay,-0.1971214097570648,0.16902074477572754,0.21931533583059637,0.19258481829085825,0.2672968816263776,0.17683510899008703,0.12319405584598386,0.27246670706441717,0.1970321092284145,-0.16912519347003563,-0.08820471302965241,0.1970321092284145,-0.21046377799298957,-0.2001436420166594,-0.2001436420166594,0.026461094199791854,0.11518053789746982,0.03915896863862996,0.19654837450312163,0.017783734630964457,-0.0962756182903009,-0.04320032235935482,0.14071530734570342,0.011605870379155425,1.0,1.0,0.7171579306938917,-0.05591522788944178,-0.1135253924192822,0.16681475027708612,0.16681475027708612,0.19954974157806538,-0.19152838833687297,0.02979788381702267,-0.03886823577966883,0.14412057174226595,-0.07143197071978136,-0.012320831182486378,-0.03886823577966883,-0.1383409716792494,0.19055371104190647,0.07807100884179273,-0.0001061311896921038,0.07807100884179273,0.09362114691584207,-0.09362114691584207,0.1177164241445999,0.11232147101033116,-0.16746024031112383,0.18230865579461214,-0.18949905880872883,-0.013600095808921358,
realized_volatility_decay,-0.14869621437256778,0.10577757874523191,0.1314782910295863,0.14253640448628374,0.17782595335635784,0.10278415590652855,0.0445539828773065,0.1454222712952064,0.12250465790802105,-0.09875573418715257,-0.05919668425850975,0.12250465790802105,-0.156738860848483,-0.147859669471792,-0.147859669471792,0.04899367895217567,0.11187938696176473,0.08527152891538722,0.15123766015642393,0.0615313729981713,-0.03411723811402712,0.036229134634671374,0.123278636114873,0.07688563522869546,0.7171579306938917,0.7171579306938917,1.0,-0.14137393904104556,-0.08878862316441559,0.13595386275265703,0.13595386275265703,0.14869754876624117,-0.09708102712677161,-0.046279729179608854,-0.14502518936593345,0.11288570210547479,-0.022060958598365505,0.02405131979112211,-0.14502518936593345,-0.158032330147648,0.1451002596981893,0.05125438929919727,-0.04389886251101307,0.05125438929919727,0.03227207410557967,-0.03227207410557976,0.010619679360426482,0.03737270096406724,-0.12679001837011875,0.1417132573371654,-0.11179536878724049,-0.0015289762788933865,
inside_bar_fraction,-0.06189309746073861,0.13327445280920594,0.14961499502471126,0.08303877677263709,0.0677996148126716,0.17749937444461272,0.21727525973327122,-0.07222232743468113,0.10325617832946345,-0.09567493240636396,-0.12331770896118942,0.10325617832946345,-0.02250548122013559,-0.03178108572679013,-0.03178108572679013,-0.09457638005257482,-0.14611231389083876,-0.2329700596788335,-0.09381447271167268,-0.17380839505389278,0.005475488279835347,-0.19294269984866455,-0.18665188792397114,-0.15697923464359262,-0.05591522788944178,-0.05591522788944178,-0.14137393904104556,1.0,0.2680612440333091,-0.1127076465749927,-0.1127076465749927,-0.08760047147322109,-0.09953727117095855,0.2536193626979667,0.130484268606685,-0.009388660446292042,0.17231675761759108,0.2932763917197117,0.130484268606685,0.0036964885793335242,0.10510719100338592,-0.019211439078354913,-0.043512409031018,-0.019211439078354913,0.20145862854584365,-0.20145862854584348,-0.0630561322105488,0.05748230365777049,-0.1425675286126082,0.11797474357699743,-0.0002421393285522198,0.12370096069896565,
overlap_ratio,0.062375686655062386,0.03284970625618588,0.04612087143533058,0.018442347759566203,-0.031071651305213673,0.31072790304315434,0.3951336788775369,-0.25310003673658044,0.05338499904374636,-0.04078349117316541,-0.16757036790824315,0.05338499904374636,0.060455351111217165,0.050726228722280296,0.050726228722280296,-0.3049970186121635,-0.3992933313193559,-0.4362011889011918,-0.20605875644758584,-0.43023177599972107,-0.4092892545706811,-0.5397189571297347,-0.4062378585633584,-0.5795057500144538,-0.1135253924192822,-0.1135253924192822,-0.08878862316441559,0.2680612440333091,1.0,-0.3547153232935878,-0.3547153232935878,-0.3433809407043258,0.22383776266053051,0.15596783588024943,-0.06166589955422428,-0.049795712970587505,0.45904237650304314,0.2912185446930922,-0.06166589955422428,0.23087704765484485,0.18250536744525714,0.13914961506516843,0.0539294732115831,0.13914961506516843,0.12729055311549642,-0.1272905531154963,0.2140979126021516,-0.09921271188751106,-0.11129522880539693,0.1361262273017326,0.10297322519661227,0.09677579866655509,
body_range_ratio,-0.14468089129068437,0.08263472043128718,0.16438152357768762,0.06294720611746629,0.17858321863304719,0.018963984172510835,-0.00892987615301198,0.1739741101453717,0.04410562630112992,-0.011586447354700947,0.08389110084881161,0.04410562630112992,-0.1278398587444784,-0.11905482870016998,-0.11905482870016998,0.04930014950345502,0.16294234944627872,0.06975475617446339,0.14404962978855634,0.06730662271682956,0.2951006475355996,0.22292295803748427,0.37578959184036154,0.27808122914689465,0.16681475027708612,0.16681475027708612,0.13595386275265703,-0.1127076465749927,-0.3547153232935878,1.0,1.0,0.8367197838279468,-0.6498568900480115,-0.4171927529513884,-0.26975052196625054,0.7666304615900401,-0.2829947048879101,-0.2074116421854498,-0.26975052196625054,-0.3901921995644058,-0.011291994014125813,-0.09722907207756286,-0.07016632032444742,-0.09722907207756286,0.027993754328208737,-0.027993754328208643,0.018568407753202933,0.28533089384268634,0.018159586842799363,-0.03171111009451274,-0.03455750476618579,0.03325310326442316,
mean_body_to_range,-0.14468089129068437,0.08263472043128718,0.16438152357768762,0.06294720611746629,0.17858321863304719,0.018963984172510835,-0.00892987615301198,0.1739741101453717,0.04410562630112992,-0.011586447354700947,0.08389110084881161,0.04410562630112992,-0.1278398587444784,-0.11905482870016998,-0.11905482870016998,0.04930014950345502,0.16294234944627872,0.06975475617446339,0.14404962978855634,0.06730662271682956,0.2951006475355996,0.22292295803748427,0.37578959184036154,0.27808122914689465,0.16681475027708612,0.16681475027708612,0.13595386275265703,-0.1127076465749927,-0.3547153232935878,1.0,1.0,0.8367197838279468,-0.6498568900480115,-0.4171927529513884,-0.26975052196625054,0.7666304615900401,-0.2829947048879101,-0.2074116421854498,-0.26975052196625054,-0.3901921995644058,-0.011291994014125813,-0.09722907207756286,-0.07016632032444742,-0.09722907207756286,0.027993754328208737,-0.027993754328208643,0.018568407753202933,0.28533089384268634,0.018159586842799363,-0.03171111009451274,-0.03455750476618579,0.03325310326442316,
median_body_to_range,-0.0877072662124249,0.07102583007200905,0.1643436034993488,0.04757524032350296,0.20872241101044448,0.03343728199772582,-0.04936179596855958,0.15594930630601617,0.05708765878160582,-0.06931003745779132,0.11275706585761586,0.05708765878160582,-0.06950667579373604,-0.05994698682191209,-0.05994698682191209,0.01726318778296188,0.22712791706507915,0.11241467594652065,0.1560409374258648,0.11831218612791584,0.04421145382271842,0.2193987683125122,0.35174070158729526,0.2660382722387825,0.19954974157806538,0.19954974157806538,0.14869754876624117,-0.08760047147322109,-0.3433809407043258,0.8367197838279468,0.8367197838279468,1.0,-0.4609194779717144,-0.44811363412603133,-0.2486767294279197,0.6807893922663537,-0.09649509656798416,-0.12043165789085312,-0.2486767294279197,-0.3280194918549212,0.041221380647058325,-0.13982205107195053,0.02074567887978294,-0.13982205107195053,0.10531343396070443,-0.10531343396070436,0.08783405563175777,0.2655752160174887,0.06484351975907322,-0.07240184000422366,-0.054744128391376934,-0.00045932877122535696,
upper_wick_fraction,0.09249579467159381,-0.25592935464101674,-0.32042930360273053,-0.2087321015008497,-0.3138931208211746,-0.04165844733075756,0.0024082886016279256,-0.26438049888381154,-0.16107792451969424,-0.033673994643974754,-0.12467487014454891,-0.16107792451969424,0.09980994245662267,0.08947017157460006,0.08947017157460006,-0.18569699484406824,-0.273878012517249,-0.17713586379801538,-0.27970237257624464,-0.18347932288484847,-0.27190476632476207,-0.2311526539450404,-0.38168891012754963,-0.3235526193655127,-0.19152838833687297,-0.19152838833687297,-0.09708102712677161,-0.09953727117095855,0.22383776266053051,-0.6498568900480115,-0.6498568900480115,-0.4609194779717144,1.0,-0.4196375473024607,0.031360835052973136,-0.6229407747110663,0.10658759431725283,0.18882437293788357,0.031360835052973136,0.18595755291604477,-0.03160076409103091,-0.032739436960812614,0.16037643388559625,-0.032739436960812614,0.01991673515435153,-0.019916735154351585,0.03294887612927978,-0.26360068073219584,0.09600437674666763,-0.0850729785259966,-0.04284562077903375,-0.12631461943868663,
lower_wick_fraction,0.062184589331661926,0.2073350303773244,0.18683368441127274,0.17441179771323304,0.1620579472993007,0.027164419081595118,0.007784787290444536,0.10835890164899845,0.1399319593849239,0.05410183480662055,0.048890449850231825,0.1399319593849239,0.03332661210356837,0.035198671132693746,0.035198671132693746,0.16316605697910908,0.1328899037902012,0.12850154854157206,0.16241671745215056,0.13901024042841353,-0.027298588857402703,0.010170778361465174,0.007610810697214364,0.05478330664494507,0.02979788381702267,0.02979788381702267,-0.046279729179608854,0.2536193626979667,0.15596783588024943,-0.4171927529513884,-0.4171927529513884,-0.44811363412603133,-0.4196375473024607,1.0,0.284648585175221,-0.17067721979397815,0.2105148957988989,0.021917899705472935,0.284648585175221,0.24363010530690593,0.05127117430616152,0.15526240973804067,-0.10797038600413225,0.15526240973804067,-0.057246247891058165,0.05724624789105815,-0.06157294577139876,-0.025560531140123195,-0.1364816998606243,0.13959456570870327,0.09250157897824897,0.11132517817063303,
directional_body_fraction,-0.16215289091594304,0.44599608241233896,0.33117443087676673,0.2585233772707159,0.1068349382721475,0.25052533343734795,0.22779187755297495,0.207419481828367,0.581540985739139,-0.11791813394205514,-0.21265512529868358,0.581540985739139,-0.18434216410491128,-0.18565377566613822,-0.18565377566613822,0.02176227408274899,-0.12224723073042196,-0.04017748098318324,-0.1277027729559055,-0.05818655057818174,0.14557863426256465,-0.05601203582727559,-0.2126404772703494,-0.021588041764530736,-0.03886823577966883,-0.03886823577966883,-0.14502518936593345,0.130484268606685,-0.06166589955422428,-0.26975052196625054,-0.26975052196625054,-0.2486767294279197,0.031360835052973136,0.284648585175221,1.0,-0.19543774101308378,0.02492745185626711,-0.11866000092393215,1.0,0.46181342217996996,0.3171001495646748,0.17848107432670077,-0.34024436833998095,0.17848107432670077,0.10085798369685825,-0.10085798369685821,-0.11676917303705564,-0.03897544402851892,-0.42533007107967513,0.403518162355966,-0.010537945538012194,0.19228791825171432,
large_body_fraction,-0.1301604568112612,0.19138024868898618,0.29025259508988754,0.09413082297242291,0.24614128445663433,0.24976300338578275,0.19359132329910145,0.10280332965217759,0.17049388733198098,-0.1073161276515018,0.004602210273855137,0.17049388733198098,-0.12324091846865355,-0.11399192286908018,-0.11399192286908018,-0.15803370934162325,0.03052649932309614,-0.08702706630900937,0.10741515989717222,-0.14361640302957082,0.013784114244727367,0.05524957012438714,0.28618603698997797,0.08994274777372903,0.14412057174226595,0.14412057174226595,0.11288570210547479,-0.009388660446292042,-0.049795712970587505,0.7666304615900401,0.7666304615900401,0.6807893922663537,-0.6229407747110663,-0.17067721979397815,-0.19543774101308378,1.0,0.13596073557591518,-0.15403926830936318,-0.19543774101308375,-0.257693519973443,0.18440962877280886,-0.0077866331239350274,-0.04171319293888683,-0.0077866331239350274,0.108331463533539,-0.10833146353353879,0.07449111373504608,0.2741028250784452,-0.05939842782135649,0.05833395833094308,0.03276191322470503,0.11929196298989866,
doji_fraction,0.10369295723863543,-0.05828066990931514,-0.03346647336004542,-0.07136798198961053,-0.031309247319462045,0.11684285349978647,0.09793351178084038,-0.19038053497025578,-0.020513269340191178,-0.08584995562045933,-0.038068176997441056,-0.020513269340191178,0.028981994152541442,0.034081368236093916,0.034081368236093916,-0.2007077129485569,-0.11939236352369968,-0.1341847256554309,-0.02382004759705304,-0.12493472147136626,-0.45870152625726673,-0.2399721512601757,-0.28535610432584935,-0.27201919878873543,-0.07143197071978136,-0.07143197071978136,-0.022060958598365505,0.17231675761759108,0.45904237650304314,-0.2829947048879101,-0.2829947048879101,-0.09649509656798416,0.10658759431725283,0.2105148957988989,0.02492745185626711,0.13596073557591518,1.0,0.080779615325887,0.02492745185626701,0.3233612962599465,0.08516788114402712,0.05188459101867014,0.12753170865942207,0.05188459101867014,0.165414955594966,-0.1654149555949659,0.1986247241204749,-0.09121766471439866,0.022315598975407663,-0.0037027428192065014,0.049523366296114875,0.006432182825466567,
